1025001,hoang1
1025002,hoang2
1025003,hoang3
1025004,hoang4
1025005,hoang5
1025006,hoang6
1025007,hoang7
1025008,hoang8
1025009,123456
1025010,123456
1025052,123
1025053,hoang1
1025054,123
1102001,123
1125011,123456
1125012,123456
1125013,123456
1125014,123456
1125015,123456
1125016,123456
1125017,123456
1125018,123456
1125019,123456
1125020,123456
1125050,hoang1
1225021,123456
1225022,123456
1225023,123456
1225024,123456
1225025,123456
1225026,123456
1225027,123456
1225028,123456
1225029,123456
1225030,123456
1325031,123456
1325032,123456
1325033,123456
1325034,123456
1325035,123456
1325036,123456
1325037,123456
1325038,123456
1325039,123456
1325040,123456
1425041,123456
1425042,123456
1425043,123456
1425044,123456
1425045,123456
1425046,123456
1425047,123456
1425048,123456
1425049,123456
1725051,123
bthang13,123456
dhhoang101,123
dhhoang102,123
dhhoang11,123
dvhhieu14,123456
dvphong13,123456
hhoang11,123
hvduc12,123456
lvcuong11,123456
ntkieu14,123456
nvan10,hoang
ptduyen11,123456
ttbinh10,123456
vtem12,123456
AD1,hoang1
AD2,admin
